  FRONT SUSPENSION     -    BUMP TRAVEL
            RHS WHEEL (+ve Y)
 
     TYPE 15 Double Wishbone, Rocker arm damper
 
 
   INCREMENTAL GEOMETRY VALUES
 
      BUMP              CAMBER       TOE    CASTOR   KINGPIN    DAMPER    SPRING
    TRAVEL               ANGLE     ANGLE     ANGLE     ANGLE     RATIO     RATIO
      (mm)               (deg)     (deg)     (deg)     (deg)       [-]       [-]
 
    -30.00        	     -0.6987  	 -0.2517  	  0.7532   	 6.0497   	  1.161   	  1.161
    -25.00        	     -0.7434  	 -0.1773  	  0.7533  	  6.0934    	 1.158  	   1.158
    -20.00       	      -0.7924  	 -0.1162  	  0.7534  	  6.1416   	  1.155   	  1.155
    -15.00       	      -0.8456  	 -0.0681 	   0.7535  	  6.1942   	  1.151   	  1.151
    -10.00       	      -0.9030  	 -0.0328  	  0.7535  	  6.2511  	   1.148   	  1.148
     -5.00       	      -0.9646  	 -0.0102  	  0.7536  	  6.3124  	   1.145   	  1.145
      0.00      	       -1.0304  	  0.0000  	  0.7537  	  6.3780  	   1.142   	  1.142
      5.00       	      -1.1003  	 -0.0020  	  0.7538   	 6.4479  	   1.139   	  1.139
     10.00        	     -1.1742  	 -0.0162  	  0.7539   	 6.5221  	   1.136   	  1.136
     15.00        	     -1.2523  	 -0.0423  	  0.7541   	 6.6005   	  1.134   	  1.134
     20.00         	    -1.3345  	 -0.0804  	  0.7542  	  6.6832   	  1.132   	  1.132
     25.00         	    -1.4207   	-0.1301  	  0.7543  	  6.7701   	  1.131   	  1.131
     30.00         	    -1.5111   	-0.1916  	  0.7545  	  6.8613   	  1.130    	 1.130
 
 
  INCREMENTAL SUSPENSION PARAMETER VALUES
 
      BUMP      ANTI      ANTI      ROLL      ROLL      HALF WHEELBASE    DAMPER    SPRING
    TRAVEL      DIVE     SQUAT    CENTRE    CENTRE     TRACK    CHANGE    TRAVEL    TRAVEL
      (mm)       (%)       (%)    HEIGHT    HEIGHT    CHANGE      (mm)      (mm)      (mm)
                                 TO BODY   TO GRND      (mm)
                                    (mm)      (mm)
 
    -30.00  	    2.03    	  0.00   	  99.17   	 129.17    	 -5.12   	  -0.20   	  26.05   	  26.05
    -25.00   	   1.72    	  0.00   	  96.86   	 121.86    	 -4.12   	  -0.14    	 21.74   	  21.74
    -20.00   	   1.41   	   0.00   	  94.57   	 114.57   	  -3.18   	  -0.09   	  17.42   	  17.42
    -15.00   	   1.10   	   0.00   	  92.31   	 107.31   	  -2.30    	 -0.05   	  13.08   	  13.08
    -10.00    	  0.77    	  0.00  	   90.08   	 100.08   	  -1.47   	  -0.03   	   8.73   	   8.73
     -5.00   	   0.45    	  0.00  	   87.87   	  92.87   	  -0.71   	  -0.01   	   4.37  	    4.37
      0.00    	  0.11    	  0.00   	  85.67   	  85.67   	   0.00   	   0.00   	   0.00  	    0.00
      5.00    	 -0.23   	   0.00   	  83.50   	  78.50   	   0.65   	   0.00   	  -4.38  	   -4.38
     10.00   	  -0.58   	   0.00  	   81.34   	  71.34   	   1.24   	  -0.01   	  -8.78  	   -8.78
     15.00   	  -0.93   	   0.00  	   79.20   	  64.20   	   1.78   	  -0.04   	 -13.18  	  -13.18
     20.00   	  -1.30   	   0.00  	   77.08   	  57.08   	   2.26   	  -0.07   	 -17.60 	   -17.60
     25.00   	  -1.68   	   0.00  	   74.97   	  49.97   	   2.68   	  -0.11  	  -22.02 	   -22.02
     30.00   	  -2.07   	   0.00  	   72.87   	  42.87   	   3.04   	  -0.16   	 -26.44 	   -26.44

REAR SUSPENSION     -    BUMP TRAVEL
            RHS WHEEL (+ve Y)
 
     TYPE 15 Double Wishbone, Rocker arm damper
 
 
   INCREMENTAL GEOMETRY VALUES
 
      BUMP              CAMBER       TOE    CASTOR   KINGPIN    DAMPER    SPRING
    TRAVEL               ANGLE     ANGLE     ANGLE     ANGLE     RATIO     RATIO
      (mm)               (deg)     (deg)     (deg)     (deg)       [-]       [-]
 
    -30.00          	    0.0762 	  -0.0254  	  0.0000   	 5.5940    	 1.164   	  1.164
    -25.00          	   -0.0944  	 -0.0137  	  0.0000   	 5.7646   	  1.158   	  1.158
    -20.00           	  -0.2759 	  -0.0050  	  0.0000  	  5.9461   	  1.152   	  1.152
    -15.00           	  -0.4683 	   0.0007  	  0.0000  	  6.1385  	   1.147  	   1.147
    -10.00           	  -0.6714  	  0.0034  	  0.0000  	  6.3416  	   1.142  	   1.142
     -5.00          	   -0.8853   	 0.0032  	  0.0000  	  6.5555   	  1.138  	   1.138
      0.00          	   -1.1098   	 0.0000   	 0.0000  	  6.7800   	  1.135  	   1.135
      5.00          	   -1.3451  	 -0.0061  	  0.0000  	  7.0153   	  1.134  	   1.134
     10.00          	   -1.5911  	 -0.0152  	  0.0000  	  7.2613   	  1.135 	    1.135
     15.00          	   -1.8479  	 -0.0273  	  0.0000  	  7.5181   	  1.139 	    1.139
     20.00          	   -2.1156  	 -0.0423  	  0.0000  	  7.7858   	  1.147 	    1.147
     25.00          	   -2.3942  	 -0.0605  	  0.0000  	  8.0644   	  1.160 	    1.160
     30.00          	   -2.6838 	  -0.0817  	  0.0000  	  8.3540   	  1.179 	    1.179
 
 
  INCREMENTAL SUSPENSION PARAMETER VALUES
 
      BUMP      ANTI      ANTI      ROLL      ROLL      HALF WHEELBASE    DAMPER    SPRING
    TRAVEL      DIVE     SQUAT    CENTRE    CENTRE     TRACK    CHANGE    TRAVEL    TRAVEL
      (mm)       (%)       (%)    HEIGHT    HEIGHT    CHANGE      (mm)      (mm)      (mm)
                                 TO BODY   TO GRND      (mm)
                                    (mm)      (mm)
 
    -30.00  	   -0.20    	 -1.22   	 118.60  	  148.60   	  -6.56     	 0.02   	  26.14 	    26.14
    -25.00 	    -0.16   	  -0.96  	  117.87  	  142.87   	  -5.35    	  0.01   	  21.84 	    21.84
    -20.00  	   -0.11   	  -0.68  	  117.17  	  137.17   	  -4.18    	  0.00   	  17.51 	    17.51
    -15.00  	   -0.07   	  -0.41  	  116.51  	  131.51    	 -3.06    	  0.00    	 13.16 	    13.16
    -10.00   	  -0.02  	   -0.12  	  115.89  	  125.89    	 -1.99    	  0.00    	  8.79 	     8.79
     -5.00   	   0.03   	   0.17  	  115.32  	  120.32    	 -0.97    	  0.00   	   4.40	      4.40
      0.00   	   0.08   	   0.47  	  114.79  	  114.79    	  0.00    	  0.00   	   0.00	      0.00
      5.00    	  0.13   	   0.79  	  114.31  	  109.31    	  0.93    	  0.01   	  -4.41	     -4.41
     10.00    	  0.19   	   1.12  	  113.87  	  103.87    	  1.81    	  0.02   	  -8.82	     -8.82
     15.00    	  0.24  	    1.46  	  113.49  	   98.49   	   2.64    	  0.03   	 -13.21	    -13.21
     20.00   	   0.30  	    1.83  	  113.16  	   93.16  	    3.43    	 0.05   	 -17.59	    -17.59
     25.00   	   0.37  	    2.21  	  112.89  	   87.89  	    4.17    	  0.07   	 -21.92	    -21.92
     30.00   	   0.43 	     2.61  	  112.67  	   82.67  	    4.87     	 0.09   	 -26.20	    -26.20


FRONT SUSPENSION     -    ROLL
            RHS WHEEL (+ve Y)
 
     TYPE 15 Double Wishbone, Rocker arm damper
 
 
   INCREMENTAL GEOMETRY VALUES
 
      ROLL              CAMBER       TOE    CASTOR   KINGPIN    DAMPER    SPRING
     ANGLE               ANGLE     ANGLE     ANGLE     ANGLE     RATIO     RATIO
     (deg)               (deg)     (deg)     (deg)     (deg)       [-]       [-]
 
     -2.50           	   1.0324 	  -0.2060	    0.7468  	  4.3180   	  1.125   	  1.125
     -2.00        	      0.6300  	 -0.1358 	   0.7480  	  4.7195   	  1.127   	  1.127
     -1.50         	     0.2225   	-0.0800 	   0.7493  	  5.1262   	  1.130   	  1.130
     -1.00         	    -0.1901  	 -0.0387 	   0.7507  	  5.5382   	  1.133   	  1.133
     -0.50         	    -0.6077  	 -0.0120  	  0.7521  	  5.9555   	  1.137   	  1.137
      0.00         	    -1.0304  	  0.0000  	  0.7537 	   6.3780   	  1.142  	   1.142
      0.50         	    -1.4582  	 -0.0029  	  0.7554  	  6.8059   	  1.147  	   1.147
      1.00         	    -1.8911  	 -0.0208  	  0.7572  	  7.2390   	  1.152  	   1.152
      1.50         	    -2.3291  	 -0.0539  	  0.7591 	  7.6774   	  1.157  	   1.157
      2.00         	    -2.7723  	 -0.1025  	  0.7612  	  8.1213   	  1.163  	   1.163
      2.50         	    -3.2207  	 -0.1668  	  0.7634 	   8.5706  	   1.168  	   1.168
 
 
  INCREMENTAL SUSPENSION PARAMETER VALUES
 
      ROLL         ROLL CENTRE POSITION       HALF WHEELBASE    DAMPER    SPRING
     ANGLE         X         Y         Z     TRACK    CHANGE    TRAVEL    TRAVEL
     (deg)      (mm)      (mm)      (mm)    CHANGE      (mm)      (mm)      (mm)
         (+ve Y to outer wheel: Z rl to Grnd) (mm)
 
     -2.50   	   0.00  	  -88.38   	  84.18  	   -0.26   	  -0.60  	  -24.32  	  -24.32
     -2.00   	   0.00  	  -70.76   	  84.71  	   -0.17  	   -0.47 	   -19.43  	  -19.43
     -1.50   	   0.00  	  -53.11  	   85.13  	   -0.09 	    -0.34 	   -14.55  	  -14.55
     -1.00  	   0.00  	  -35.42  	   85.43  	   -0.04  	   -0.21 	    -9.68   	  -9.68
     -0.50  	    0.00  	  -17.71  	   85.61  	   -0.01  	   -0.10 	    -4.83   	  -4.83
      0.00  	    0.00  	    0.00  	   85.67  	    0.00  	    0.00 	     0.00  	    0.00
      0.50  	    0.00  	   17.71  	   85.61  	   -0.01  	    0.09 	     4.81  	    4.81
      1.00  	    0.00   	  35.42  	   85.43  	   -0.04  	    0.17 	     9.60  	    9.60
      1.50  	    0.00   	  53.11  	   85.13  	   -0.09  	    0.23 	    14.37  	   14.37
      2.00 	     0.00   	  70.76  	   84.71  	   -0.17  	    0.27 	    19.12  	   19.12
      2.50 	     0.00   	  88.38  	   84.18  	   -0.26    	  0.30 	    23.84  	   23.84


 REAR SUSPENSION     -    ROLL
            RHS WHEEL (+ve Y)
 
     TYPE 15 Double Wishbone, Rocker arm damper
 
 
   INCREMENTAL GEOMETRY VALUES
 
      ROLL              CAMBER       TOE    CASTOR   KINGPIN    DAMPER    SPRING
     ANGLE               ANGLE     ANGLE     ANGLE     ANGLE     RATIO     RATIO
     (deg)               (deg)     (deg)     (deg)     (deg)       [-]       [-]
 
     -2.50        	      0.0213 	  -0.1117 	  -0.0055  	  5.6489 	    1.157   	  1.157
     -2.00        	     -0.1798  	 -0.0825 	  -0.0043  	  5.8500  	   1.143   	  1.143
     -1.50         	    -0.3935  	 -0.0568 	  -0.0032  	  6.0637  	   1.135   	  1.135
     -1.00         	    -0.6198  	 -0.0345 	  -0.0022  	  6.2900  	   1.132  	   1.132
     -0.50       	      -0.8586  	 -0.0156  	 -0.0011  	  6.5288  	   1.132  	   1.132
      0.00        	     -1.1098  	  0.0000 	   0.0000  	  6.7800  	   1.135  	   1.135
      0.50        	     -1.3733  	  0.0123  	  0.0011  	  7.0435  	   1.140  	   1.140
      1.00        	     -1.6491  	  0.0214  	  0.0022  	  7.3193   	  1.146  	   1.146
      1.50        	     -1.9372  	  0.0272  	  0.0033 	   7.6074   	  1.154  	   1.154
      2.00        	     -2.2376  	  0.0298  	  0.0044 	   7.9078   	  1.162  	  1.162
      2.50        	     -2.5502  	  0.0290  	  0.0056  	  8.2204   	  1.171   	  1.171
 
 
  INCREMENTAL SUSPENSION PARAMETER VALUES
 
      ROLL         ROLL CENTRE POSITION       HALF WHEELBASE    DAMPER    SPRING
     ANGLE         X         Y         Z     TRACK    CHANGE    TRAVEL    TRAVEL
     (deg)      (mm)      (mm)      (mm)    CHANGE      (mm)      (mm)      (mm)
         (+ve Y to outer wheel: Z rl to Grnd) (mm)
 
     -2.50  	 1605.00 	   -13.65  	  115.35  	   -0.05  	    0.54  	  -23.19  	  -23.19
     -2.00  	 1605.00 	   -11.04 	   115.15 	    -0.03  	    0.42 	   -18.60 	   -18.60
     -1.50  	 1605.00 	    -8.35 	   114.99  	   -0.02  	    0.31 	   -13.97 	   -13.97
     -1.00  	 1605.00 	    -5.60 	   114.88  	   -0.01  	    0.21 	    -9.31 	    -9.31
     -0.50  	 1605.00  	   -2.81 	   114.81  	    0.00  	    0.10 	    -4.65 	    -4.65
      0.00  	 1605.00  	    0.00 	   114.79  	    0.00  	    0.00 	     0.00 	     0.00
      0.50  	 1605.00   	   2.81 	   114.81  	    0.00  	   -0.10 	     4.64 	     4.64
      1.00  	 1605.00   	   5.60  	  114.88  	   -0.01  	   -0.20 	     9.25 	     9.25
      1.50 	  1605.00   	   8.35 	   114.99  	   -0.02  	   -0.29 	    13.84 	    13.84
      2.00 	  1605.00   	  11.04 	   115.15  	   -0.04  	   -0.38 	    18.40 	    18.40
      2.50	   1605.00  	   13.65 	   115.35  	   -0.07  	   -0.46  	   22.92 	    22.92


FRONT SUSPENSION     -    STEERING TRAVEL
 
     TYPE 15 Double Wishbone, Rocker arm damper
 
   INCREMENTAL GEOMETRY VALUES
 
      RACK                 TOE       TOE    CAMBER    CAMBER ACKERMANN   TURNING
    TRAVEL               ANGLE     ANGLE     ANGLE     ANGLE       (%)    CIRCLE
      (mm)                 RHS       LHS       RHS       LHS              RADIUS
                         (deg)     (deg)     (deg)     (deg)                (mm)
 
    -21.98    	           22.21  	  -22.41 	    -0.90 	    -0.29   	   2.99 	  3911.82
    -18.84    	           18.92  	  -19.07 	    -0.98 	    -0.47   	   3.09 	  4662.37
    -15.70    	           15.69  	  -15.80 	    -1.03 	    -0.62   	   3.17 	  5693.03
    -12.56    	           12.51  	  -12.58 	    -1.06 	    -0.74   	   3.23 	  7215.19
     -9.42    	            9.36  	   -9.39 	    -1.08 	    -0.84   	   3.28 	  9721.59
     -6.28    	            6.23  	   -6.24 	    -1.08 	    -0.92   	   3.32 	 14690.02
     -3.14    	            3.11  	   -3.12 	    -1.06 	    -0.98   	   3.34 	 29508.45
      0.00    	            0.00  	    0.00 	    -1.03 	    -1.03   	   2.99 	     0.00
      3.14    	           -3.12  	    3.11 	    -0.98 	    -1.06   	   3.34 	 29508.45
      6.28    	           -6.24  	    6.23 	    -0.92 	    -1.08   	   3.32 	 14690.02
      9.42     	          -9.39  	    9.36 	    -0.84 	    -1.08   	   3.28 	  9721.59
     12.56     	         -12.58 	    12.51 	    -0.74 	    -1.06   	   3.23 	  7215.19
     15.70     	         -15.80 	    15.69 	    -0.62 	    -1.03   	   3.17	   5693.03
     18.84     	         -19.07 	    18.92  	   -0.47 	    -0.98    	  3.09 	  4662.37
     21.98     	         -22.41 	    22.21  	   -0.29 	    -0.90    	  2.99 	  3911.82

