VERSION
           15           3
            1
PARAMETERS
      30.0000         30.0000         5.00000
      2.50000        0.500000
      21.9750         3.00000
           1605.00000000              290.000000000              70.0000000000            0.00000000000
           30.0000000000
            2           2           2           2
            1           1           1           1
            0
TEMP_GRAPHICS
           15
           20           8           6
            1           1           3           1           1           0           0           0
      0.00000         0.00000         0.00000         0.00000         0.00000         0.00000
            1           2           3           1           1           0           0           0
      0.00000         0.00000         0.00000         0.00000         0.00000         0.00000
            1           3           6           2           2           0           0           0
      0.00000         0.00000         0.00000         0.00000         0.00000         0.00000
            1           4           6           1           1           0           0           0
      0.00000         0.00000         0.00000         0.00000         0.00000         0.00000
            1           5           6           1           1           0           0           0
      0.00000         0.00000         0.00000         0.00000         0.00000         0.00000
            1           7           8           2           1           0           0           0
      0.00000         0.00000         0.00000         0.00000         0.00000         0.00000
            1           8          23           2           1           2           0           0
      0.00000         0.00000         0.00000         0.00000         0.00000         0.00000
            1           8          16           2           1           2           0           0
      0.00000         0.00000         0.00000         0.00000         0.00000         0.00000
            1           8          15           2           1           2           0           0
      0.00000         0.00000         0.00000         0.00000         0.00000         0.00000
            1          12          15           1           1           2           0           0
      0.00000         0.00000         0.00000         0.00000         0.00000         0.00000
            1          12          16           1           1           2           0           0
      0.00000         0.00000         0.00000         0.00000         0.00000         0.00000
            1           9          13           2           1           0           0           0
      0.00000         0.00000         0.00000         0.00000         0.00000         0.00000
            1           9          10           1           1           4           0           0
      0.00000         0.00000         0.00000         0.00000         0.00000         0.00000
            2           1           2           1           1           0           0           0
      0.00000         0.00000         0.00000         0.00000         0.00000         0.00000
            2           4           5           1           1           0           0           0
      0.00000         0.00000         0.00000         0.00000         0.00000         0.00000
            2          15          16           1           1           0           0           0
      0.00000         0.00000         0.00000         0.00000         0.00000         0.00000
            1          23          12           0           0           2           0           0
      0.00000         0.00000         0.00000         0.00000         0.00000         0.00000
            1          24          25           0           0           9           0           0
      0.00000         0.00000         0.00000         0.00000         0.00000         0.00000
            1          24          27           0           0           9           0           0
      0.00000         0.00000         0.00000         0.00000         0.00000         0.00000
            1          25          26           0           0           9           0           0
      0.00000         0.00000         0.00000         0.00000         0.00000         0.00000
TEMP_GRAPHICS
           15
           20           8           6
            1           1           3           1           1           0           0           0
      0.00000         0.00000         0.00000         0.00000         0.00000         0.00000
            1           2           3           1           1           0           0           0
      0.00000         0.00000         0.00000         0.00000         0.00000         0.00000
            1           3           6           2           2           0           0           0
      0.00000         0.00000         0.00000         0.00000         0.00000         0.00000
            1           4           6           1           1           0           0           0
      0.00000         0.00000         0.00000         0.00000         0.00000         0.00000
            1           5           6           1           1           0           0           0
      0.00000         0.00000         0.00000         0.00000         0.00000         0.00000
            1           7           8           2           1           0           0           0
      0.00000         0.00000         0.00000         0.00000         0.00000         0.00000
            1           8          23           2           1           2           0           0
      0.00000         0.00000         0.00000         0.00000         0.00000         0.00000
            1           8          16           2           1           2           0           0
      0.00000         0.00000         0.00000         0.00000         0.00000         0.00000
            1           8          15           2           1           2           0           0
      0.00000         0.00000         0.00000         0.00000         0.00000         0.00000
            1          12          15           1           1           2           0           0
      0.00000         0.00000         0.00000         0.00000         0.00000         0.00000
            1          12          16           1           1           2           0           0
      0.00000         0.00000         0.00000         0.00000         0.00000         0.00000
            1           9          13           2           1           0           0           0
      0.00000         0.00000         0.00000         0.00000         0.00000         0.00000
            1           9          10           1           1           4           0           0
      0.00000         0.00000         0.00000         0.00000         0.00000         0.00000
            2           1           2           1           1           0           0           0
      0.00000         0.00000         0.00000         0.00000         0.00000         0.00000
            2           4           5           1           1           0           0           0
      0.00000         0.00000         0.00000         0.00000         0.00000         0.00000
            2          15          16           1           1           0           0           0
      0.00000         0.00000         0.00000         0.00000         0.00000         0.00000
            1          23          12           0           0           2           0           0
      0.00000         0.00000         0.00000         0.00000         0.00000         0.00000
            1          24          25           0           0           9           0           0
      0.00000         0.00000         0.00000         0.00000         0.00000         0.00000
            1          24          27           0           0           9           0           0
      0.00000         0.00000         0.00000         0.00000         0.00000         0.00000
            1          25          26           0           0           9           0           0
      0.00000         0.00000         0.00000         0.00000         0.00000         0.00000
TEMP_SETTINGS
           15
Double Wishbone, Rocker arm damper
            6          27          12          16           3
Lower Wishbone
Upper Wishbone
Track Rod
Pull Rod
Rocker
Upright
Lower wishbone front pivot
Not Defined
Not Defined
Not Defined
Not Defined
Not Defined
     -21.5000         75.0000         163.000
            1           0           1          -1           1           0           0           0           0
            0           0           0           0           0           0           0
Lower wishbone rear pivot
Not Defined
Not Defined
Not Defined
Not Defined
Not Defined
      588.000         75.0000         165.000
            2           0           1          -1           2           0           0           0           0
            0           0           0           0           0           0           0
Lower wishbone outer ball joint
Not Defined
Not Defined
Not Defined
Not Defined
Not Defined
      156.600         805.500         189.000
            3           1           1           6           3           1           2           0           6
            9           0           9           0           0           0           0
Upper wishbone front pivot
Not Defined
Not Defined
Not Defined
Not Defined
Not Defined
      19.7000         148.390         377.000
            5           0           2          -1           4           0           0           0           0
            0           0           0           0           0           0           0
Upper wishbone rear pivot
Not Defined
Not Defined
Not Defined
Not Defined
Not Defined
      588.000         148.390         377.000
            6           0           2          -1           5           0           0           0           0
            0           0           0           0           0           0           0
Upper wishbone outer ball joint
Not Defined
Not Defined
Not Defined
Not Defined
Not Defined
      162.000         772.500         408.500
            7           1           2           6           6           4           5           0           3
            9           0           8           0           0           0           0
Push rod wishbone end
Not Defined
Not Defined
Not Defined
Not Defined
Not Defined
      150.000         700.000         425.000
            8           5           2           4           9           4           5           6           0
            0           0           0           0           0           1           0
Push rod rocker end
Not Defined
Not Defined
Not Defined
Not Defined
Not Defined
      165.000         350.000         225.000
            9           1           4           5          10           7           0           0          15
           16           0           0           0           0           0           0
Outer track rod ball joint
Not Defined
Not Defined
Not Defined
Not Defined
Not Defined
      80.0000         798.000         405.000
           11           1           3           6           8          10           0           0           3
            6           0           0           0           0           0           0
Inner track rod ball joint
Not Defined
Not Defined
Not Defined
Not Defined
Not Defined
     -21.5000         153.000         372.500
           12           0           3          -1           7           0           0           0           0
            0           0           3           0           0           0           0
Damper to body point
Not Defined
Not Defined
Not Defined
Not Defined
Not Defined
      155.000         175.000         585.000
           16           0          -1           0           0           0           0           0           0
            0           0           5           7           0           0           0
Damper to rocker point
Not Defined
Not Defined
Not Defined
Not Defined
Not Defined
      162.000         300.000         245.000
           17           2           5           0           0           8          15          16           0
            0           0           4           6           0           0           0
Wheel spindle point
DERIVED
Not Defined
Not Defined
Not Defined
Not Defined
      160.000         794.000         306.000
           18           5           6           0           0           3           9          14           0
            0           0           2           0           0           0           0
Wheel centre point
Not Defined
Not Defined
Not Defined
Not Defined
Not Defined
      160.000         894.000         310.000
           19           3           6           0           0           3           6           9           0
            0           0           1           0           0           0           0
Rocker axis 1st point
Not Defined
Not Defined
Not Defined
Not Defined
Not Defined
      205.000         92.0000         285.000
           20           0           5          -1          11           0           0           0           0
            0           0           0           0           0           0           0
Rocker axis 2nd point
Not Defined
Not Defined
Not Defined
Not Defined
Not Defined
      100.000         92.0000         288.000
           21           0           5          -1          12           0           0           0           0
            0           0           0           0           0           0           0
Part 1 C of G
Not Defined
Not Defined
Not Defined
Not Defined
Not Defined
      240.000         320.000         170.000
           22           2           1           0           0           1           2           3           0
            0           0          25           0           0           0           0
Part 2 C of G
Not Defined
Not Defined
Not Defined
Not Defined
Not Defined
      230.000         440.000         395.000
           23           2           2           0           0           4           5           6           0
            0           0          25           0           0           0           0
Part 3 C of G
Not Defined
Not Defined
Not Defined
Not Defined
Not Defined
      29.0000         475.000         390.000
           24           7           3           0           0          10           9           0           0
            0           0          25           0           0           0           0
Part 4 C of G
Not Defined
Not Defined
Not Defined
Not Defined
Not Defined
      155.000         525.000         325.000
           25           7           4           0           0           8           9           0           0
            0           0          25           0           0           0           0
Part 5 C of G
Not Defined
Not Defined
Not Defined
Not Defined
Not Defined
      155.000         180.000         265.000
           26           2           5           0           0          15          16           8           0
            0           0          25           0           0           0           0
Part 6 C of G
Not Defined
Not Defined
Not Defined
Not Defined
Not Defined
      135.000         790.000         335.000
           27           2           6           0           0           3           6           9           0
            0           0          25           0           0           0           0
ARB to rocker
Not Defined
Not Defined
Not Defined
Not Defined
Not Defined
      0.00000         0.00000         0.00000
            0           2           5           0           0           8          15          16           0
            0           0           0           0           0           0           0
cockpit FT
Not Defined
Not Defined
Not Defined
Not Defined
Not Defined
      0.00000         0.00000         0.00000
            0           0          -1           0           0           0           0           0           0
            0           0           0           0           0           0           0
cockpit FB
Not Defined
Not Defined
Not Defined
Not Defined
Not Defined
      0.00000         0.00000         0.00000
            0           0          -1           0           0           0           0           0           0
            0           0           0           0           0           0           0
cockpit RB
Not Defined
Not Defined
Not Defined
Not Defined
Not Defined
      0.00000         0.00000         0.00000
            0           0          -1           0           0           0           0           0           0
            0           0           0           0           0           0           0
cockpit RT
Not Defined
Not Defined
Not Defined
Not Defined
Not Defined
      0.00000         0.00000         0.00000
            0           0          -1           0           0           0           0           0           0
            0           0           0           0           0           0           0
            1           2           3
      0.00000         0.00000         0.00000
      1.00000         1.00000         1.00000
TEMP_SETTINGS
           15
Double Wishbone, Rocker arm damper
            6          27          12          16           3
Lower Wishbone
Upper Wishbone
Track Rod
Pull Rod
Rocker
Upright
Lower wishbone front pivot
Not Defined
Not Defined
Not Defined
Not Defined
Not Defined
     -21.5000         75.0000         163.000
            1           0           1          -1           1           0           0           0           0
            0           0           0           0           0           0           0
Lower wishbone rear pivot
Not Defined
Not Defined
Not Defined
Not Defined
Not Defined
      588.000         75.0000         165.000
            2           0           1          -1           2           0           0           0           0
            0           0           0           0           0           0           0
Lower wishbone outer ball joint
Not Defined
Not Defined
Not Defined
Not Defined
Not Defined
      156.600         805.500         189.000
            3           1           1           6           3           1           2           0           6
            9           0           9           0           0           0           0
Upper wishbone front pivot
Not Defined
Not Defined
Not Defined
Not Defined
Not Defined
      19.7000         148.390         377.000
            5           0           2          -1           4           0           0           0           0
            0           0           0           0           0           0           0
Upper wishbone rear pivot
Not Defined
Not Defined
Not Defined
Not Defined
Not Defined
      588.000         148.390         377.000
            6           0           2          -1           5           0           0           0           0
            0           0           0           0           0           0           0
Upper wishbone outer ball joint
Not Defined
Not Defined
Not Defined
Not Defined
Not Defined
      162.000         772.500         408.500
            7           1           2           6           6           4           5           0           3
            9           0           8           0           0           0           0
Push rod wishbone end
Not Defined
Not Defined
Not Defined
Not Defined
Not Defined
      150.000         700.000         425.000
            8           5           2           4           9           4           5           6           0
            0           0           0           0           0           1           0
Push rod rocker end
Not Defined
Not Defined
Not Defined
Not Defined
Not Defined
      165.000         350.000         225.000
            9           1           4           5          10           7           0           0          15
           16           0           0           0           0           0           0
Outer track rod ball joint
Not Defined
Not Defined
Not Defined
Not Defined
Not Defined
      80.0000         798.000         405.000
           11           1           3           6           8          10           0           0           3
            6           0           0           0           0           0           0
Inner track rod ball joint
Not Defined
Not Defined
Not Defined
Not Defined
Not Defined
     -21.5000         153.000         372.500
           12           0           3          -1           7           0           0           0           0
            0           0           3           0           0           0           0
Damper to body point
Not Defined
Not Defined
Not Defined
Not Defined
Not Defined
      155.000         175.000         585.000
           16           0          -1           0           0           0           0           0           0
            0           0           5           7           0           0           0
Damper to rocker point
Not Defined
Not Defined
Not Defined
Not Defined
Not Defined
      162.000         300.000         245.000
           17           2           5           0           0           8          15          16           0
            0           0           4           6           0           0           0
Wheel spindle point
DERIVED
Not Defined
Not Defined
Not Defined
Not Defined
      160.000         794.000         306.000
           18           5           6           0           0           3           9          14           0
            0           0           2           0           0           0           0
Wheel centre point
Not Defined
Not Defined
Not Defined
Not Defined
Not Defined
      160.000         894.000         310.000
           19           3           6           0           0           3           6           9           0
            0           0           1           0           0           0           0
Rocker axis 1st point
Not Defined
Not Defined
Not Defined
Not Defined
Not Defined
      205.000         92.0000         285.000
           20           0           5          -1          11           0           0           0           0
            0           0           0           0           0           0           0
Rocker axis 2nd point
Not Defined
Not Defined
Not Defined
Not Defined
Not Defined
      100.000         92.0000         288.000
           21           0           5          -1          12           0           0           0           0
            0           0           0           0           0           0           0
Part 1 C of G
Not Defined
Not Defined
Not Defined
Not Defined
Not Defined
      240.000         320.000         170.000
           22           2           1           0           0           1           2           3           0
            0           0          25           0           0           0           0
Part 2 C of G
Not Defined
Not Defined
Not Defined
Not Defined
Not Defined
      230.000         440.000         395.000
           23           2           2           0           0           4           5           6           0
            0           0          25           0           0           0           0
Part 3 C of G
Not Defined
Not Defined
Not Defined
Not Defined
Not Defined
      29.0000         475.000         390.000
           24           7           3           0           0          10           9           0           0
            0           0          25           0           0           0           0
Part 4 C of G
Not Defined
Not Defined
Not Defined
Not Defined
Not Defined
      155.000         525.000         325.000
           25           7           4           0           0           8           9           0           0
            0           0          25           0           0           0           0
Part 5 C of G
Not Defined
Not Defined
Not Defined
Not Defined
Not Defined
      155.000         180.000         265.000
           26           2           5           0           0          15          16           8           0
            0           0          25           0           0           0           0
Part 6 C of G
Not Defined
Not Defined
Not Defined
Not Defined
Not Defined
      135.000         790.000         335.000
           27           2           6           0           0           3           6           9           0
            0           0          25           0           0           0           0
ARB to rocker
Not Defined
Not Defined
Not Defined
Not Defined
Not Defined
      0.00000         0.00000         0.00000
            0           2           5           0           0           8          15          16           0
            0           0           0           0           0           0           0
cockpit FT
Not Defined
Not Defined
Not Defined
Not Defined
Not Defined
      0.00000         0.00000         0.00000
            0           0          -1           0           0           0           0           0           0
            0           0           0           0           0           0           0
cockpit FB
Not Defined
Not Defined
Not Defined
Not Defined
Not Defined
      0.00000         0.00000         0.00000
            0           0          -1           0           0           0           0           0           0
            0           0           0           0           0           0           0
cockpit RB
Not Defined
Not Defined
Not Defined
Not Defined
Not Defined
      0.00000         0.00000         0.00000
            0           0          -1           0           0           0           0           0           0
            0           0           0           0           0           0           0
cockpit RT
Not Defined
Not Defined
Not Defined
Not Defined
Not Defined
      0.00000         0.00000         0.00000
            0           0          -1           0           0           0           0           0           0
            0           0           0           0           0           0           0
            1           2           3
      0.00000         0.00000         0.00000
      1.00000         1.00000         1.00000
EXTENDED_TYRE
            0           0
FRONT SUSPENSION
           15
          -160.100006104              205.000000000              138.000000000
           139.899993896              205.000000000              138.000000000
          -10.1000003815              598.000000000              95.0000000000
          -132.039993286              270.000000000              344.000000000
           117.959999084              270.000000000              344.000000000
          -7.03999996185              572.000000000              327.600006104
          -7.03999996185              549.239013672              307.788391113
          -7.03999996185              291.000000000              83.0000000000
          -69.5999984741              589.000000000              141.604446411
          -120.000000000              144.779998779              185.000000000
          -7.03999996185              253.000000000              327.000000000
          -7.03999996185              292.000000000              156.000000000
         0.00000000000                515.799987793              214.000000000
         0.00000000000                627.000000000              216.000000000
          -7.03999996185              185.000000000              110.000000000
          -8.03999996185              185.000000000              110.000000000
           240.000000000              296.487701416              155.318206787
           230.000000000              410.734710693              384.742401123
           26.4057998657              441.477691650              383.727386475
           155.785202026              497.571502686              321.587005615
           155.000000000              123.876296997              230.478897095
           135.000000000              762.533020020              338.485992432
          -7.03999996185              230.000000000              110.000000000
          -200.000000000              210.000000000              500.000000000
          -200.000000000              210.000000000              29.0699996948
           200.000000000              210.000000000              29.5690002441
           200.000000000              210.000000000              500.000000000
           235.000000000
REAR SUSPENSION
           15
           1440.00000000              221.000000000              139.000000000
           1770.00000000              221.000000000              139.000000000
           1605.00000000              563.000000000              108.120002747
           1450.00000000              332.000000000              301.000000000
           1760.00000000              332.000000000              301.000000000
           1605.00000000              538.000000000              318.399993896
           1605.00000000              513.880004883              336.544006348
           1605.00000000              258.737365723              529.445007324
           1505.00000000              554.000000000              174.058303833
           1445.00000000              233.500000000              185.500000000
           1605.00000000              30.0000000000              526.000000000
           1605.00000000              199.000000000              563.000000000
           1605.00000000              496.760009766              213.993911743
           1605.00000000              600.000000000              215.993911743
           1605.00000000              220.000000000              490.000000000
           1606.00000000              220.000000000              490.000000000
           17881.9394531              296.489990234             -1178.67211914
           17871.9394531              410.730010986             -949.252197266
           17673.2304688              471.309997559             -1008.00201416
           17796.5703125              501.730010986             -1011.57220459
           17796.9394531              123.879997253             -1103.51208496
           17776.9394531              762.530029297             -995.502136230
           1612.24523926              229.308242798              540.287353516
           30.0000000000            0.00000000000                1.12354934216
           30.0000000000            0.00000000000                1.12354934216
           30.0000000000            0.00000000000                1.12354934216
           30.0000000000            0.00000000000                1.12354934216
           235.000000000
TOLERANCES
        1.000000000000E-10         5.000000000000E-02         5.000000000000E-02
TITLES
            0
TYRE
           205.000000000              205.000000000              205.000000000              205.000000000
ROLL SOLUTION
            1
GROUPS
            2
Points 1,2 and 3 (front)
            3
            1           1
            2           1
            3           1
Points 3 and 7 (front)
            2
            3           1
            7           1
COMPLIANCE
            0
      41.5000         300.000         246.500
      41.5000         300.000         246.500
      400.000
     2.000000E+06
     0.400000        0.400000
            0
      41.5000         300.000         246.500
      41.5000         300.000         246.500
      400.000
     2.000000E+06
     0.400000        0.400000
           1000.00000000
MODAL
            6
            1           0           1
            1           0           1
      1.00000         1000.00         1000.00         1000.00         0.00000         0.00000         0.00000
      0.00000         0.00000         100.000
      100.000         0.00000         0.00000
      1.00000         1000.00         1000.00         1000.00         0.00000         0.00000         0.00000
      0.00000         0.00000         100.000
      100.000         0.00000         0.00000
            1           0           1
            1           0           1
      1.00000         1000.00         1000.00         1000.00         0.00000         0.00000         0.00000
      0.00000         0.00000         100.000
      100.000         0.00000         0.00000
      1.00000         1000.00         1000.00         1000.00         0.00000         0.00000         0.00000
      0.00000         0.00000         100.000
      100.000         0.00000         0.00000
            1           0           1
            1           0           1
      1.00000         1000.00         1000.00         1000.00         0.00000         0.00000         0.00000
      0.00000         0.00000         100.000
      100.000         0.00000         0.00000
      1.00000         1000.00         1000.00         1000.00         0.00000         0.00000         0.00000
      0.00000         0.00000         100.000
      100.000         0.00000         0.00000
            1           0           1
            1           0           1
      1.00000         1000.00         1000.00         1000.00         0.00000         0.00000         0.00000
      0.00000         0.00000         100.000
      100.000         0.00000         0.00000
      1.00000         1000.00         1000.00         1000.00         0.00000         0.00000         0.00000
      0.00000         0.00000         100.000
      100.000         0.00000         0.00000
            1           0           1
            1           0           1
      1.00000         1000.00         1000.00         1000.00         0.00000         0.00000         0.00000
      0.00000         0.00000         100.000
      100.000         0.00000         0.00000
      1.00000         1000.00         1000.00         1000.00         0.00000         0.00000         0.00000
      0.00000         0.00000         100.000
      100.000         0.00000         0.00000
            1           0           1
            1           0           1
      1.00000         1000.00         1000.00         1000.00         0.00000         0.00000         0.00000
      0.00000         0.00000         100.000
      100.000         0.00000         0.00000
      1.00000         1000.00         1000.00         1000.00         0.00000         0.00000         0.00000
      0.00000         0.00000         100.000
      100.000         0.00000         0.00000
            6
            1           0           1
            1           0           1
      1.00000         1000.00         1000.00         1000.00         0.00000         0.00000         0.00000
      0.00000         0.00000         100.000
      100.000         0.00000         0.00000
      1.00000         1000.00         1000.00         1000.00         0.00000         0.00000         0.00000
      0.00000         0.00000         100.000
      100.000         0.00000         0.00000
            1           0           1
            1           0           1
      1.00000         1000.00         1000.00         1000.00         0.00000         0.00000         0.00000
      0.00000         0.00000         100.000
      100.000         0.00000         0.00000
      1.00000         1000.00         1000.00         1000.00         0.00000         0.00000         0.00000
      0.00000         0.00000         100.000
      100.000         0.00000         0.00000
            1           0           1
            1           0           1
      1.00000         1000.00         1000.00         1000.00         0.00000         0.00000         0.00000
      0.00000         0.00000         100.000
      100.000         0.00000         0.00000
      1.00000         1000.00         1000.00         1000.00         0.00000         0.00000         0.00000
      0.00000         0.00000         100.000
      100.000         0.00000         0.00000
            1           0           1
            1           0           1
      1.00000         1000.00         1000.00         1000.00         0.00000         0.00000         0.00000
      0.00000         0.00000         100.000
      100.000         0.00000         0.00000
      1.00000         1000.00         1000.00         1000.00         0.00000         0.00000         0.00000
      0.00000         0.00000         100.000
      100.000         0.00000         0.00000
            1           0           1
            1           0           1
      1.00000         1000.00         1000.00         1000.00         0.00000         0.00000         0.00000
      0.00000         0.00000         100.000
      100.000         0.00000         0.00000
      1.00000         1000.00         1000.00         1000.00         0.00000         0.00000         0.00000
      0.00000         0.00000         100.000
      100.000         0.00000         0.00000
            1           0           1
            1           0           1
      1.00000         1000.00         1000.00         1000.00         0.00000         0.00000         0.00000
      0.00000         0.00000         100.000
      100.000         0.00000         0.00000
      1.00000         1000.00         1000.00         1000.00         0.00000         0.00000         0.00000
      0.00000         0.00000         100.000
      100.000         0.00000         0.00000
FSETS
User Definable Default Set
            2
            2
      1.00000
      1.00000
      0.00000
      0.00000
      0.00000
      0.00000
            3
      1.00000
      1.00000
      0.00000
      0.00000
      0.00000
      0.00000
RAVEN_DEFAULTS
           14           7
      0.00000
      0.00000
      0.00000
      1250.00
      500.000
      2500.00
      3000.00
      2.00000
      2.00000
      16.0000
      1800.00
      1500.00
      1.00000
      1.00000
      50.0000         50.0000         50.0000         50.0000
      10.0000         10.0000         10.0000         10.0000
     0.400000        0.400000        0.400000        0.400000
      1.00000         1.00000         1.00000         1.00000
      18.1000         18.1000         18.1000         18.1000
     6.900000E-02    6.900000E-02    6.900000E-02    6.900000E-02
      3.00000         3.00000         3.00000         3.00000
FORCED_DAMP
            1
           3.00000000000
